0                ! print flag. the larger, the more verbose the output
1                ! number of OpenMP cores to be used
6                ! maximum angular momentum for the spherical harmonics expansion
110              ! (approximate) number of grid points to be used for numerical quadratures
7                ! convergence threshold for the iterative solver (in this case, 10^-6)
0                ! whether to compute (1) or not (0) the forces
78.3553          ! dielectric constant
0.2              ! regularization parameter
642
    0.181200    16.885000    14.078000     3.427000     2.130467
    0.033200    16.938000    12.834000     4.234000     2.241648
    0.616300    15.642000    12.760000     4.985000     2.241648
   -0.572200    15.150000    13.818000     5.439000     2.037332
    0.193400    17.705000    14.139000     2.840000     1.679926
    0.193400    16.879000    14.894000     4.049000     1.679926
    0.193400    16.057000    14.105000     2.859000     1.679926
    0.108700    17.013000    11.969000     3.577000     1.679926
    0.365400    18.103000    12.875000     5.202000     2.241648
   -0.676100    19.256000    13.004000     4.401000     2.037332
   -0.243800    18.173000    11.582000     6.055000     2.241648
    0.004300    17.995000    13.758000     5.848000     1.679926
    0.410200    19.852000    13.644000     4.803000     1.679926
    0.064200    19.024000    11.659000     6.737000     1.679926
    0.064200    18.290000    10.718000     5.396000     1.679926
    0.064200    17.241000    11.481000     6.636000     1.679926
   -0.415700    15.069000    11.586000     5.134000     2.130467
   -0.038900    13.856000    11.498000     5.932000     2.241648
    0.597300    14.172000    10.757000     7.221000     2.241648
   -0.567900    15.006000     9.857000     7.315000     2.037332
    0.271900    15.465000    10.769000     4.694000     1.679926
    0.100700    13.508000    12.532000     6.154000     1.679926
    0.365400    12.785000    10.742000     5.129000     2.241648
   -0.676100    13.312000     9.437000     4.770000     2.037332
   -0.243800    12.315000    11.612000     3.973000     2.241648
    0.004300    11.925000    10.594000     5.819000     1.679926
    0.410200    14.200000     9.345000     5.125000     1.679926
    0.064200    11.570000    11.067000     3.373000     1.679926
    0.064200    13.159000    11.901000     3.347000     1.679926
    0.064200    11.828000    12.539000     4.368000     1.679926
   -0.415700    13.438000    11.192000     8.264000     2.130467
    0.042900    13.607000    10.675000     9.600000     2.241648
    0.597300    12.210000    10.413000    10.164000     2.241648
   -0.567900    11.324000    11.246000     9.996000     2.037332
    0.271900    12.743000    11.906000     8.104000     1.679926
    0.076600    14.185000     9.741000     9.573000     1.679926
   -0.079000    14.300000    11.703000    10.523000     2.241648
   -0.108100    15.846000    12.374000     9.880000     2.348753
    0.091000    13.605000    12.535000    10.703000     1.679926
    0.091000    14.502000    11.224000    11.491000     1.679926
   -0.415700    12.015000     9.277000    10.850000     2.130467
    0.042900    10.681000     8.944000    11.326000     2.241648
    0.597300    10.683000     8.745000    12.838000     2.241648
   -0.567900    11.651000     8.272000    13.418000     2.037332
    0.271900    12.789000     8.657000    11.035000     1.679926
    0.076600    10.009000     9.781000    11.088000     1.679926
   -0.079000    10.155000     7.684000    10.617000     2.241648
   -0.108100     9.833000     7.934000     8.843000     2.348753
    0.091000    10.891000     6.876000    10.734000     1.679926
    0.091000     9.225000     7.362000    11.105000     1.679926
   -0.254800     9.546000     9.093000    13.475000     2.130467
   -0.026600     9.500000     9.079000    14.937000     2.241648
    0.589600     9.373000     7.688000    15.546000     2.241648
   -0.574800     9.640000     7.542000    16.748000     2.037332
    0.064100    10.401000     9.568000    15.334000     1.679926
   -0.007000     8.267000     9.939000    15.267000     2.241648
    0.018900     7.364000     9.742000    14.044000     2.241648
    0.019200     8.360000     9.748000    12.898000     2.241648
    0.025300     7.773000     9.587000    16.184000     1.679926
    0.025300     8.542000    10.995000    15.390000     1.679926
    0.021300     6.823000     8.787000    14.098000     1.679926
    0.021300     6.640000    10.563000    13.947000     1.679926
    0.039100     7.976000     9.183000    12.037000     1.679926
    0.039100     8.590000    10.774000    12.580000     1.679926
   -0.415700     8.926000     6.705000    14.756000     2.130467
   -0.024900     8.755000     5.347000    15.231000     2.241648
    0.597300     8.832000     4.429000    14.008000     2.241648
   -0.567900     8.757000     4.867000    12.860000     2.037332
    0.271900     8.700000     6.916000    13.796000     1.679926
    0.084300     9.567000     5.098000    15.928000     1.679926
    0.211700     7.409000     5.161000    15.930000     2.241648
   -0.654600     6.371000     5.265000    14.953000     2.037332
    0.035200     7.371000     4.176000    16.415000     1.679926
    0.035200     7.277000     5.932000    16.702000     1.679926
    0.427500     5.560000     4.870000    15.300000     1.679926
   -0.415700     8.936000     3.129000    14.302000     2.130467
   -0.059700     8.829000     2.039000    13.300000     2.241648
    0.597300     7.559000     2.141000    12.460000     2.241648
   -0.567900     7.573000     2.124000    11.205000     2.037332
    0.271900     9.078000     2.878000    15.269000     1.679926
    0.086900     9.714000     2.123000    12.623000     1.679926
    0.130300     8.928000     0.644000    13.932000     2.241648
   -0.043000    10.309000     0.385000    14.573000     2.241648
   -0.320400     8.510000    -0.464000    12.908000     2.241648
   -0.066000    11.430000     0.295000    13.473000     2.241648
    0.018700     8.200000     0.598000    14.759000     1.679926
    0.023600    10.550000     1.170000    15.240000     1.679926
    0.023600    10.274000    -0.579000    15.106000     1.679926
    0.088200     7.863000     0.004000    12.146000     1.679926
    0.088200     7.955000    -1.251000    13.426000     1.679926
    0.088200     9.402000    -0.873000    12.434000     1.679926
    0.018600    12.389000     0.055000    13.960000     1.679926
    0.018600    11.499000     1.217000    12.922000     1.679926
    0.018600    11.196000    -0.544000    12.761000     1.679926
   -0.415700     6.382000     2.222000    13.070000     2.130467
   -0.087500     5.099000     2.259000    12.380000     2.241648
    0.597300     5.208000     3.386000    11.373000     2.241648
   -0.567900     4.712000     3.302000    10.238000     2.037332
    0.271900     6.374000     2.231000    14.084000     1.679926
    0.096900     4.948000     1.364000    11.845000     1.679926
    0.298500     3.944000     2.394000    13.375000     2.241648
   -0.319200     2.629000     2.981000    12.701000     2.241648
   -0.319200     3.635000     1.036000    13.955000     2.241648
   -0.029700     4.204000     3.077000    14.197000     1.679926
    0.079100     2.862000     3.979000    12.286000     1.679926
    0.079100     1.845000     3.103000    13.478000     1.679926
    0.079100     2.286000     2.318000    11.926000     1.679926
    0.079100     4.536000     0.671000    14.467000     1.679926
    0.079100     3.367000     0.343000    13.145000     1.679926
    0.079100     2.805000     1.098000    14.673000     1.679926
   -0.415700     5.668000     4.556000    11.848000     2.130467
    0.033700     5.637000     5.732000    10.997000     2.241648
    0.597300     6.496000     5.510000     9.742000     2.241648
   -0.567900     6.087000     5.887000     8.640000     2.037332
    0.271900     6.031000     4.617000    12.787000     1.679926
    0.082300     4.599000     5.892000    10.675000     1.679926
   -0.182500     6.088000     6.968000    11.772000     2.241648
    0.060300     5.450000     7.098000    12.658000     1.679926
    0.060300     6.005000     7.855000    11.128000     1.679926
    0.060300     7.132000     6.841000    12.089000     1.679926
   -0.347900     7.685000     4.898000     9.905000     2.130467
   -0.263700     8.505000     4.573000     8.737000     2.241648
    0.734100     7.811000     3.576000     7.811000     2.241648
   -0.589400     7.840000     3.742000     6.580000     2.037332
    0.274700     8.009000     4.663000    10.831000     1.679926
    0.156000     8.688000     5.499000     8.174000     1.679926
   -0.000700     9.857000     4.014000     9.199000     2.241648
    0.039000    10.767000     3.570000     8.047000     2.241648
    0.048600    11.272000     4.693000     7.139000     2.241648
   -0.529500    12.137000     5.620000     7.824000     2.130467
    0.807600    12.683000     6.719000     7.295000     2.241648
   -0.862700    12.436000     7.053000     6.053000     2.130467
   -0.862700    13.443000     7.503000     8.090000     2.130467
    0.032700    10.377000     4.784000     9.785000     1.679926
    0.032700     9.677000     3.155000     9.860000     1.679926
    0.028500    11.636000     3.050000     8.472000     1.679926
    0.028500    10.217000     2.846000     7.430000     1.679926
    0.068700    11.818000     4.251000     6.293000     1.679926
    0.068700    10.410000     5.240000     6.732000     1.679926
    0.345600    12.350000     5.422000     8.790000     1.679926
    0.447800    11.830000     6.478000     5.487000     1.679926
    0.447800    12.853000     7.884000     5.661000     1.679926
    0.447800    13.831000     8.362000     7.729000     1.679926
    0.447800    13.622000     7.230000     9.044000     1.679926
   -0.415700     7.211000     2.522000     8.369000     2.130467
   -0.024900     6.538000     1.562000     7.510000     2.241648
    0.597300     5.415000     2.243000     6.711000     2.241648
   -0.567900     5.227000     1.995000     5.517000     2.037332
    0.271900     7.224000     2.395000     9.370000     1.679926
    0.084300     7.271000     1.152000     6.802000     1.679926
    0.211700     5.967000     0.416000     8.335000     2.241648
   -0.654600     7.043000    -0.267000     8.962000     2.037332
    0.035200     5.276000     0.807000     9.095000     1.679926
    0.035200     5.411000    -0.275000     7.685000     1.679926
    0.427500     6.697000    -1.005000     9.482000     1.679926
   -0.415700     4.661000     3.116000     7.382000     2.130467
    0.014300     3.595000     3.898000     6.756000     2.241648
    0.597300     4.154000     4.793000     5.647000     2.241648
   -0.567900     3.549000     4.958000     4.581000     2.037332
    0.271900     4.835000     3.242000     8.368000     1.679926
    0.104800     2.882000     3.196000     6.300000     1.679926
   -0.204100     2.831000     4.764000     7.756000     2.241648
    0.713000     1.901000     3.956000     8.670000     2.241648
   -0.593100     1.513000     2.854000     8.302000     2.037332
   -0.919100     1.534000     4.536000     9.789000     2.130467
    0.079700     3.553000     5.313000     8.377000     1.679926
    0.079700     2.234000     5.503000     7.204000     1.679926
    0.419600     0.890000     4.070000    10.410000     1.679926
    0.419600     1.897000     5.447000    10.027000     1.679926
   -0.415700     5.288000     5.434000     5.950000     2.130467
   -0.002400     5.940000     6.322000     4.994000     2.241648
    0.597300     6.312000     5.548000     3.719000     2.241648
   -0.567900     6.092000     6.018000     2.611000     2.037332
    0.271900     5.701000     5.301000     6.861000     1.679926
    0.097800     5.240000     7.126000     4.726000     1.679926
   -0.034300     7.176000     6.946000     5.672000     2.241648
    0.011800     7.941000     7.888000     4.755000     2.241648
   -0.125600     8.984000     7.309000     3.949000     2.241648
   -0.125600     7.610000     9.268000     4.690000     2.241648
   -0.170400     9.674000     8.201000     3.099000     2.241648
   -0.170400     8.310000    10.117000     3.816000     2.241648
   -0.107200     9.375000     9.576000     3.044000     2.241648
    0.029500     6.853000     7.500000     6.565000     1.679926
    0.029500     7.848000     6.142000     6.001000     1.679926
    0.133000     9.228000     6.238000     3.992000     1.679926
    0.133000     6.806000     9.671000     5.323000     1.679926
    0.143000    10.474000     7.807000     2.456000     1.679926
    0.143000     8.040000    11.178000     3.731000     1.679926
    0.129700     9.970000    10.238000     2.399000     1.679926
   -0.415700     6.892000     4.356000     3.906000     2.130467
    0.014300     7.323000     3.600000     2.746000     2.241648
    0.597300     6.137000     3.150000     1.887000     2.241648
   -0.567900     6.248000     3.117000     0.663000     2.037332
    0.271900     7.026000     3.990000     4.837000     1.679926
    0.104800     7.946000     4.263000     2.131000     1.679926
   -0.204100     8.188000     2.417000     3.167000     2.241648
    0.713000     9.563000     2.858000     3.654000     2.241648
   -0.593100    10.051000     3.925000     3.246000     2.037332
   -0.919100    10.180000     2.025000     4.475000     2.130467
    0.079700     7.680000     1.866000     3.971000     1.679926
    0.079700     8.308000     1.735000     2.314000     1.679926
    0.419600    11.107000     2.241000     4.810000     1.679926
    0.419600     9.724000     1.174000     4.767000     1.679926
   -0.415700     4.992000     2.817000     2.503000     2.130467
   -0.087500     3.809000     2.515000     1.695000     2.241648
    0.597300     3.309000     3.772000     0.970000     2.241648
   -0.567900     2.967000     3.733000    -0.207000     2.037332
    0.271900     4.948000     2.775000     3.510000     1.679926
    0.096900     4.112000     1.790000     0.927000     1.679926
    0.298500     2.718000     1.853000     2.546000     2.241648
   -0.319200     1.390000     1.798000     1.795000     2.241648
   -0.319200     3.171000     0.458000     2.966000     2.241648
   -0.029700     2.576000     2.457000     3.453000     1.679926
    0.079100     1.086000     2.816000     1.514000     1.679926
    0.079100     0.621000     1.353000     2.443000     1.679926
    0.079100     1.506000     1.187000     0.890000     1.679926
    0.079100     4.124000     0.530000     3.509000     1.679926
    0.079100     3.304000    -0.169000     2.073000     1.679926
    0.079100     2.411000     0.007000     3.619000     1.679926
   -0.415700     3.265000     4.910000     1.697000     2.130467
    0.042900     2.853000     6.168000     1.085000     2.241648
    0.597300     3.680000     6.497000    -0.171000     2.241648
   -0.567900     3.159000     7.037000    -1.146000     2.037332
    0.271900     3.519000     4.890000     2.673000     1.679926
    0.076600     1.796000     6.085000     0.795000     1.679926
   -0.079000     2.981000     7.257000     2.155000     2.241648
   -0.108100     2.571000     8.931000     1.593000     2.348753
    0.091000     2.321000     7.000000     2.996000     1.679926
    0.091000     4.013000     7.258000     2.533000     1.679926
   -0.347900     4.980000     6.166000    -0.135000     2.130467
   -0.263700     5.850000     6.474000    -1.244000     2.241648
    0.734100     5.641000     5.554000    -2.455000     2.241648
   -0.589400     6.033000     5.932000    -3.563000     2.037332
    0.274700     5.352000     5.696000     0.676000     1.679926
    0.156000     5.637000     7.504000    -1.563000     1.679926
   -0.000700     7.317000     6.413000    -0.802000     2.241648
    0.039000     7.692000     7.571000     0.124000     2.241648
    0.048600     7.903000     8.893000    -0.615000     2.241648
   -0.529500     9.156000     8.833000    -1.364000     2.130467
    0.807600     9.472000     9.600000    -2.396000     2.241648
   -0.862700     8.585000    10.416000    -2.966000     2.130467
   -0.862700    10.713000     9.561000    -2.889000     2.130467
    0.032700     7.498000     5.462000    -0.282000     1.679926
    0.032700     7.963000     6.439000    -1.691000     1.679926
    0.028500     6.896000     7.703000     0.870000     1.679926
    0.028500     8.615000     7.312000     0.662000     1.679926
    0.068700     7.065000     9.072000    -1.303000     1.679926
    0.068700     7.939000     9.721000     0.107000     1.679926
    0.345600     9.838000     8.150000    -1.070000     1.679926
    0.447800     7.642000    10.462000    -2.611000     1.679926
    0.447800     8.858000    10.988000    -3.751000     1.679926
    0.447800    11.402000     8.951000    -2.474000     1.679926
    0.447800    10.962000    10.142000    -3.675000     1.679926
   -0.415700     5.053000     4.360000    -2.271000     2.130467
   -0.051800     4.954000     3.418000    -3.387000     2.241648
    0.597300     4.321000     4.013000    -4.638000     2.241648
   -0.567900     4.849000     3.780000    -5.744000     2.037332
    0.271900     4.681000     4.113000    -1.366000     1.679926
    0.092200     5.978000     3.119000    -3.651000     1.679926
   -0.110200     4.203000     2.149000    -2.980000     2.241648
    0.353100     4.942000     1.212000    -2.020000     2.241648
   -0.412100     3.987000     0.098000    -1.586000     2.241648
   -0.412100     6.197000     0.625000    -2.641000     2.241648
    0.045700     3.254000     2.444000    -2.511000     1.679926
    0.045700     3.958000     1.585000    -3.891000     1.679926
   -0.036100     5.232000     1.787000    -1.129000     1.679926
    0.100000     3.070000     0.542000    -1.173000     1.679926
    0.100000     4.472000    -0.522000    -0.819000     1.679926
    0.100000     3.733000    -0.526000    -2.454000     1.679926
    0.100000     6.879000     1.438000    -2.928000     1.679926
    0.100000     5.926000     0.042000    -3.533000     1.679926
    0.100000     6.695000    -0.030000    -1.913000     1.679926
   -0.254800     3.209000     4.754000    -4.571000     2.130467
   -0.026600     2.660000     5.337000    -5.804000     2.241648
    0.589600     3.434000     6.548000    -6.317000     2.241648
   -0.574800     3.086000     7.062000    -7.379000     2.037332
    0.064100     2.625000     4.567000    -6.588000     1.679926
   -0.007000     1.226000     5.736000    -5.413000     2.241648
    0.018900     1.283000     5.912000    -3.890000     2.241648
    0.019200     2.249000     4.859000    -3.446000     2.241648
    0.025300     0.932000     6.673000    -5.906000     1.679926
    0.025300     0.511000     4.948000    -5.690000     1.679926
    0.021300     1.644000     6.915000    -3.622000     1.679926
    0.021300     0.294000     5.755000    -3.437000     1.679926
    0.039100     2.760000     5.160000    -2.521000     1.679926
    0.039100     1.737000     3.902000    -3.277000     1.679926
   -0.415700     4.420000     7.027000    -5.559000     2.130467
   -0.025200     5.223000     8.167000    -5.960000     2.241648
    0.597300     4.902000     9.466000    -5.248000     2.241648
   -0.567900     5.443000    10.505000    -5.620000     2.037332
    0.271900     4.614000     6.582000    -4.675000     1.679926
    0.069800     6.281000     7.926000    -5.785000     1.679926
    0.069800     5.093000     8.321000    -7.041000     1.679926
   -0.415700     4.056000     9.404000    -4.216000     2.130467
   -0.038900     3.664000    10.576000    -3.461000     2.241648
    0.597300     4.915000    11.347000    -3.001000     2.241648
   -0.567900     5.844000    10.729000    -2.478000     2.037332
    0.271900     3.676000     8.507000    -3.952000     1.679926
    0.100700     3.014000    11.225000    -4.064000     1.679926
    0.365400     2.932000    10.113000    -2.178000     2.241648
   -0.676100     1.964000     9.124000    -2.552000     2.037332
   -0.243800     2.280000    11.274000    -1.459000     2.241648
    0.004300     3.666000     9.650000    -1.503000     1.679926
    0.410200     2.092000     8.329000    -2.016000     1.679926
    0.064200     1.606000    11.800000    -2.148000     1.679926
    0.064200     3.056000    11.968000    -1.105000     1.679926
    0.064200     1.706000    10.898000    -0.600000     1.679926
   -0.254800     4.915000    12.683000    -3.102000     2.130467
   -0.026600     6.042000    13.429000    -2.601000     2.241648
    0.589600     6.387000    13.122000    -1.160000     2.241648
   -0.574800     5.480000    13.006000    -0.345000     2.037332
    0.064100     6.915000    13.244000    -3.241000     1.679926
   -0.007000     5.655000    14.896000    -2.744000     2.241648
    0.018900     4.661000    14.854000    -4.058000     2.241648
    0.019200     3.957000    13.505000    -3.910000     2.241648
    0.025300     5.112000    15.266000    -1.863000     1.679926
    0.025300     6.516000    15.539000    -2.944000     1.679926
    0.021300     3.919000    15.683000    -4.043000     1.679926
    0.021300     5.214000    14.903000    -5.002000     1.679926
    0.039100     2.984000    13.625000    -3.389000     1.679926
    0.039100     3.752000    13.060000    -4.903000     1.679926
   -0.516300     7.651000    13.190000    -0.860000     2.130467
    0.039700     8.108000    13.002000     0.513000     2.241648
    0.536600     7.394000    13.968000     1.459000     2.241648
   -0.581900     7.064000    13.585000     2.589000     2.037332
    0.293600     8.361000    13.404000    -1.574000     1.679926
    0.110500     7.842000    11.977000     0.808000     1.679926
    0.056000     9.620000    13.168000     0.681000     2.241648
    0.013600    10.459000    12.148000    -0.048000     2.241648
    0.805400    11.942000    12.208000     0.242000     2.241648
   -0.818800    12.418000    13.330000     0.541000     2.037332
   -0.818800    12.629000    11.211000     0.128000     2.037332
   -0.017300     9.902000    14.169000     0.326000     1.679926
   -0.017300     9.860000    13.116000     1.752000     1.679926
   -0.042500    10.094000    11.146000     0.214000     1.679926
   -0.042500    10.310000    12.283000    -1.128000     1.679926
   -0.415700     7.188000    15.227000     1.041000     2.130467
    0.033700     6.619000    16.195000     1.970000     2.241648
    0.597300     5.192000    15.819000     2.387000     2.241648
   -0.567900     4.795000    16.037000     3.532000     2.037332
    0.271900     7.422000    15.499000     0.098000     1.679926
    0.082300     7.244000    16.200000     2.874000     1.679926
   -0.182500     6.663000    17.597000     1.363000     2.241648
    0.060300     7.696000    17.841000     1.079000     1.679926
    0.060300     6.304000    18.327000     2.101000     1.679926
    0.060300     6.021000    17.630000     0.472000     1.679926
   -0.415700     4.398000    15.289000     1.441000     2.130467
   -0.051800     3.048000    14.822000     1.781000     2.241648
    0.597300     3.113000    13.568000     2.640000     2.241648
   -0.567900     2.332000    13.396000     3.580000     2.037332
    0.271900     4.733000    15.199000     0.495000     1.679926
    0.092200     2.567000    15.612000     2.380000     1.679926
   -0.110200     2.209000    14.621000     0.512000     2.241648
    0.353100     1.717000    15.929000    -0.108000     2.241648
   -0.412100     1.207000    15.625000    -1.514000     2.241648
   -0.412100     0.595000    16.583000     0.794000     2.241648
    0.045700     2.806000    14.080000    -0.225000     1.679926
    0.045700     1.337000    13.994000     0.770000     1.679926
   -0.036100     2.565000    16.642000    -0.141000     1.679926
    0.100000     0.243000    16.147000    -1.682000     1.679926
    0.100000     1.105000    14.573000    -1.667000     1.679926
    0.100000     1.941000    16.049000    -2.253000     1.679926
    0.100000     0.118000    17.396000     0.216000     1.679926
    0.100000     1.043000    16.996000     1.701000     1.679926
    0.100000    -0.145000    15.824000     1.041000     1.679926
   -0.415700     4.028000    12.634000     2.294000     2.130467
    0.042900     4.137000    11.461000     3.154000     2.241648
    0.597300     4.607000    11.823000     4.564000     2.241648
   -0.567900     4.231000    11.137000     5.527000     2.037332
    0.271900     4.606000    12.743000     1.485000     1.679926
    0.076600     3.132000    11.025000     3.248000     1.679926
   -0.079000     5.038000    10.395000     2.541000     2.241648
   -0.108100     4.363000     9.697000     1.004000     2.348753
    0.091000     6.023000    10.835000     2.331000     1.679926
    0.091000     5.181000     9.584000     3.269000     1.679926
   -0.415700     5.399000    12.889000     4.697000     2.130467
    0.033700     5.848000    13.355000     6.011000     2.241648
    0.597300     4.662000    13.846000     6.849000     2.241648
   -0.567900     4.481000    13.369000     7.973000     2.037332
    0.271900     5.696000    13.387000     3.871000     1.679926
    0.082300     6.324000    12.513000     6.533000     1.679926
   -0.182500     6.896000    14.453000     5.817000     2.241648
    0.060300     7.723000    14.066000     5.206000     1.679926
    0.060300     7.281000    14.770000     6.796000     1.679926
    0.060300     6.436000    15.312000     5.308000     1.679926
   -0.415700     3.855000    14.766000     6.317000     2.130467
   -0.038900     2.711000    15.207000     7.154000     2.241648
    0.597300     1.709000    14.078000     7.372000     2.241648
   -0.567900     1.005000    14.078000     8.394000     2.037332
    0.271900     4.002000    15.153000     5.404000     1.679926
    0.100700     3.109000    15.487000     8.125000     1.679926
    0.365400     2.024000    16.440000     6.551000     2.241648
   -0.676100     1.701000    16.141000     5.201000     2.037332
   -0.243800     2.895000    17.679000     6.662000     2.241648
    0.004300     1.090000    16.619000     7.102000     1.679926
    0.410200     0.931000    16.659000     4.931000     1.679926
    0.064200     2.374000    18.534000     6.209000     1.679926
    0.064200     3.844000    17.507000     6.135000     1.679926
    0.064200     3.096000    17.891000     7.721000     1.679926
   -0.415700     1.615000    13.121000     6.447000     2.130467
   -0.001400     0.683000    12.006000     6.638000     2.241648
    0.597300     1.098000    11.099000     7.795000     2.241648
   -0.567900     0.235000    10.553000     8.485000     2.037332
    0.271900     2.187000    13.164000     5.617000     1.679926
    0.087600    -0.310000    12.421000     6.863000     1.679926
   -0.015200     0.610000    11.302000     5.324000     2.241648
   -0.001100     0.080000     9.859000     5.257000     2.241648
   -0.190600    -1.270000     9.619000     5.525000     2.241648
   -0.190600     0.939000     8.787000     4.966000     2.241648
   -0.234100    -1.759000     8.287000     5.481000     2.241648
   -0.234100     0.450000     7.473000     4.944000     2.241648
    0.322600    -0.900000     7.233000     5.212000     2.241648
   -0.557900    -1.390000     5.956000     5.212000     2.037332
    0.029500    -0.017000    11.913000     4.659000     1.679926
    0.029500     1.622000    11.300000     4.897000     1.679926
    0.169900    -1.945000    10.451000     5.769000     1.679926
    0.169900     2.001000     8.978000     4.755000     1.679926
    0.165600    -2.826000     8.091000     5.660000     1.679926
    0.165600     1.125000     6.636000     4.716000     1.679926
    0.399200    -0.676000     5.337000     5.006000     1.679926
   -0.415700     2.412000    10.896000     7.976000     2.130467
   -0.038900     2.926000     9.885000     8.890000     2.241648
    0.597300     3.531000    10.416000    10.185000     2.241648
   -0.567900     3.704000     9.609000    11.108000     2.037332
    0.271900     3.067000    11.463000     7.460000     1.679926
    0.100700     2.101000     9.207000     9.151000     1.679926
    0.365400     4.031000     9.054000     8.197000     2.241648
   -0.676100     5.123000     9.910000     7.843000     2.037332
   -0.243800     3.499000     8.284000     7.008000     2.241648
    0.004300     4.405000     8.323000     8.928000     1.679926
    0.410200     4.859000    10.481000     7.108000     1.679926
    0.064200     4.315000     7.705000     6.553000     1.679926
    0.064200     3.091000     8.987000     6.269000     1.679926
    0.064200     2.706000     7.600000     7.340000     1.679926
   -0.415700     3.931000    11.687000    10.203000     2.130467
   -0.025200     4.732000    12.209000    11.290000     2.241648
    0.597300     6.229000    12.148000    11.039000     2.241648
   -0.567900     6.995000    12.658000    11.864000     2.037332
    0.271900     3.671000    12.298000     9.443000     1.679926
    0.069800     4.446000    13.255000    11.469000     1.679926
    0.069800     4.503000    11.640000    12.202000     1.679926
   -0.415700     6.670000    11.511000     9.952000     2.130467
    0.042900     8.069000    11.595000     9.568000     2.241648
    0.597300     8.384000    13.045000     9.130000     2.241648
   -0.567900     7.488000    13.854000     8.918000     2.037332
    0.271900     6.029000    10.967000     9.394000     1.679926
    0.076600     8.693000    11.342000    10.437000     1.679926
   -0.079000     8.382000    10.621000     8.435000     2.241648
   -0.108100     8.012000     8.869000     8.821000     2.348753
    0.091000     7.803000    10.915000     7.548000     1.679926
    0.091000     9.447000    10.708000     8.181000     1.679926
   -0.415700     9.688000    13.311000     8.988000     2.130467
   -0.059700    10.176000    14.645000     8.666000     2.241648
    0.597300    11.242000    14.531000     7.578000     2.241648
   -0.567900    11.868000    13.485000     7.382000     2.037332
    0.271900    10.355000    12.563000     9.108000     1.679926
    0.086900     9.337000    15.241000     8.279000     1.679926
    0.130300    10.748000    15.355000     9.917000     2.241648
   -0.043000    11.996000    14.655000    10.484000     2.241648
   -0.320400     9.654000    15.480000    10.971000     2.241648
   -0.066000    12.693000    15.430000    11.579000     2.241648
    0.018700    11.042000    16.371000     9.619000     1.679926
    0.023600    11.700000    13.673000    10.880000     1.679926
    0.023600    12.707000    14.483000     9.665000     1.679926
    0.088200     8.779000    15.981000    10.533000     1.679926
    0.088200    10.028000    16.071000    11.819000     1.679926
    0.088200     9.366000    14.479000    11.321000     1.679926
    0.018600    13.561000    14.857000    11.937000     1.679926
    0.018600    11.996000    15.596000    12.412000     1.679926
    0.018600    13.031000    16.398000    11.185000     1.679926
   -0.415700    11.452000    15.662000     6.905000     2.130467
   -0.059700    12.511000    15.815000     5.919000     2.241648
    0.597300    13.505000    16.814000     6.473000     2.241648
   -0.567900    13.103000    17.913000     6.899000     2.037332
    0.271900    10.850000    16.457000     7.091000     1.679926
    0.086900    12.999000    14.860000     5.732000     1.679926
    0.130300    11.943000    16.410000     4.601000     2.241648
   -0.043000    10.907000    15.505000     3.988000     2.241648
   -0.320400    13.188000    16.567000     3.597000     2.241648
   -0.066000    10.214000    16.126000     2.774000     2.241648
    0.018700    11.546000    17.419000     4.767000     1.679926
    0.023600    11.379000    14.558000     3.690000     1.679926
    0.023600    10.168000    15.285000     4.769000     1.679926
    0.088200    13.924000    17.239000     4.042000     1.679926
    0.088200    12.804000    17.021000     2.656000     1.679926
    0.088200    13.602000    15.595000     3.398000     1.679926
    0.018600     9.436000    15.451000     2.406000     1.679926
    0.018600    10.947000    16.322000     1.983000     1.679926
    0.018600     9.746000    17.087000     3.076000     1.679926
   -0.415700    14.790000    16.458000     6.442000     2.130467
   -0.059700    15.847000    17.376000     6.893000     2.241648
    0.597300    16.855000    17.522000     5.750000     2.241648
   -0.567900    17.024000    16.622000     4.923000     2.037332
    0.271900    15.032000    15.548000     6.123000     1.679926
    0.086900    15.402000    18.361000     7.092000     1.679926
    0.130300    16.545000    16.890000     8.176000     2.241648
   -0.043000    17.227000    15.531000     7.987000     2.241648
   -0.320400    15.532000    16.851000     9.299000     2.241648
   -0.066000    18.146000    15.152000     9.138000     2.241648
    0.018700    17.318000    17.624000     8.441000     1.679926
    0.023600    16.455000    14.757000     7.878000     1.679926
    0.023600    17.812000    15.553000     7.057000     1.679926
    0.088200    15.093000    17.849000     9.432000     1.679926
    0.088200    16.028000    16.541000    10.230000     1.679926
    0.088200    14.738000    16.132000     9.051000     1.679926
    0.018600    18.613000    14.179000     8.930000     1.679926
    0.018600    17.562000    15.087000    10.067000     1.679926
    0.018600    18.928000    15.917000     9.251000     1.679926
   -0.254800    17.593000    18.645000     5.733000     2.130467
   -0.026600    18.581000    18.845000     4.683000     2.241648
    0.589600    19.866000    18.079000     4.953000     2.241648
   -0.574800    20.605000    17.835000     3.982000     2.037332
    0.064100    18.154000    18.485000     3.736000     1.679926
   -0.007000    18.725000    20.367000     4.596000     2.241648
    0.018900    18.403000    20.829000     6.030000     2.241648
    0.019200    17.286000    19.902000     6.471000     2.241648
    0.025300    19.746000    20.653000     4.307000     1.679926
    0.025300    18.015000    20.792000     3.873000     1.679926
    0.021300    19.281000    20.726000     6.683000     1.679926
    0.021300    18.072000    21.877000     6.041000     1.679926
    0.039100    17.309000    19.741000     7.558000     1.679926
    0.039100    16.302000    20.301000     6.186000     1.679926
   -0.415700    20.154000    17.799000     6.202000     2.130467
   -0.025200    21.334000    17.013000     6.608000     2.241648
    0.597300    21.082000    15.528000     6.415000     2.241648
   -0.567900    20.097000    15.097000     5.840000     2.037332
    0.271900    19.534000    18.130000     6.933000     1.679926
    0.069800    22.187000    17.355000     5.979000     1.679926
    0.069800    21.574000    17.256000     7.647000     1.679926
   -0.415700    22.008000    14.746000     6.971000     2.130467
    0.033700    21.995000    13.320000     6.837000     2.241648
    0.597300    21.843000    12.609000     8.193000     2.241648
   -0.567900    21.806000    11.376000     8.221000     2.037332
    0.271900    22.755000    15.183000     7.494000     1.679926
    0.082300    21.120000    13.055000     6.227000     1.679926
   -0.182500    23.235000    12.802000     6.109000     2.241648
    0.060300    23.289000    13.257000     5.110000     1.679926
    0.060300    23.172000    11.710000     6.011000     1.679926
    0.060300    24.134000    13.068000     6.682000     1.679926
   -0.415700    21.787000    13.377000     9.290000     2.130467
   -0.038900    21.840000    12.801000    10.610000     2.241648
    0.597300    20.535000    13.026000    11.330000     2.241648
   -0.567900    20.250000    14.149000    11.772000     2.037332
    0.271900    21.706000    14.378000     9.190000     1.679926
    0.100700    21.940000    11.715000    10.475000     1.679926
    0.365400    23.123000    13.277000    11.318000     2.241648
   -0.676100    24.242000    13.046000    10.381000     2.037332
   -0.243800    23.351000    12.187000    12.361000     2.241648
    0.004300    23.021986    14.361499    11.471815     1.679926
    0.410200    25.024635    13.336456    10.813109     1.679926
    0.064200    24.250011    12.384549    12.963290     1.679926
    0.064200    23.481843    11.200016    11.893301     1.679926
    0.064200    22.502681    12.108575    13.056847     1.679926
   -0.415700    19.748000    11.982000    11.477000     2.130467
    0.042900    18.460000    12.120000    12.139000     2.241648
    0.597300    18.660000    12.202000    13.669000     2.241648
   -0.567900    19.515000    11.523000    14.227000     2.037332
    0.271900    20.039000    11.081000    11.128000     1.679926
    0.076600    17.962000    13.033000    11.784000     1.679926
   -0.079000    17.591000    10.914000    11.825000     2.241648
   -0.108100    17.124000    10.807000    10.067000     2.348753
    0.091000    18.133000    10.000000    12.107000     1.679926
    0.091000    16.678000    10.963000    12.435000     1.679926
   -0.254800    17.847000    13.009000    14.329000     2.130467
   -0.026600    17.975000    13.139000    15.787000     2.241648
    0.589600    17.355000    11.965000    16.530000     2.241648
   -0.574800    16.627000    11.147000    15.969000     2.037332
    0.064100    19.033000    13.246000    16.065000     1.679926
   -0.007000    17.215000    14.451000    16.070000     2.241648
    0.018900    16.102000    14.430000    15.016000     2.241648
    0.019200    16.799000    13.881000    13.768000     2.241648
    0.025300    16.800000    14.459000    17.088000     1.679926
    0.025300    17.869000    15.325000    15.941000     1.679926
    0.021300    15.277000    13.774000    15.328000     1.679926
    0.021300    15.709000    15.440000    14.837000     1.679926
    0.039100    16.100000    13.309000    13.143000     1.679926
    0.039100    17.236000    14.692000    13.169000     1.679926
   -0.415700    17.643000    11.915000    17.853000     2.130467
   -0.025200    17.226000    10.779000    18.683000     2.241648
    0.597300    15.746000    10.584000    18.832000     2.241648
   -0.567900    15.331000     9.485000    19.187000     2.037332
    0.271900    18.156000    12.674000    18.276000     1.679926
    0.069800    17.653000     9.863000    18.253000     1.679926
    0.069800    17.660000    10.906000    19.684000     1.679926
   -0.516300    14.940000    11.626000    18.615000     2.130467
    0.038100    13.491000    11.518000    18.676000     2.241648
    0.536600    12.866000    11.265000    17.292000     2.241648
   -0.581900    11.637000    11.131000    17.212000     2.037332
    0.293600    15.352000    12.521000    18.399000     1.679926
    0.088000    13.177000    10.756000    19.403000     1.679926
   -0.030300    13.091000    12.931000    19.136000     2.241648
    0.799400    13.560000    14.348000    18.472000     2.241648
   -0.801400    14.415000    14.363000    17.612000     2.037332
   -0.801400    12.986000    15.459000    18.868000     2.037332
   -0.012200    11.992000    12.947000    19.118000     1.679926
   -0.012200    13.380000    12.990000    20.194000     1.679926
   -0.415700    13.711000    11.175000    16.260000     2.130467
   -0.001400    13.267000    10.722000    14.926000     2.241648
    0.597300    14.251000     9.661000    14.439000     2.241648
   -0.567900    14.931000     9.812000    13.426000     2.037332
    0.271900    14.672000    11.391000    16.410000     1.679926
    0.087600    12.279000    10.275000    15.025000     1.679926
   -0.015200    13.132000    11.883000    13.924000     2.241648
   -0.001100    11.978000    12.797000    14.251000     2.241648
   -0.190600    12.083000    13.835000    15.179000     2.241648
   -0.190600    10.765000    12.585000    13.608000     2.241648
   -0.234100    10.989000    14.643000    15.462000     2.241648
   -0.234100     9.649000    13.380000    13.883000     2.241648
    0.322600     9.770000    14.410000    14.819000     2.241648
   -0.557900     8.716000    15.223000    15.106000     2.037332
    0.029500    14.063000    12.462000    13.920000     1.679926
    0.029500    12.987000    11.459000    12.924000     1.679926
    0.169900    13.039000    14.015000    15.690000     1.679926
    0.169900    10.682000    11.777000    12.868000     1.679926
    0.165600    11.081000    15.462000    16.189000     1.679926
    0.165600     8.693000    13.197000    13.372000     1.679926
    0.399200     7.946000    14.945000    14.590000     1.679926
   -0.415700    14.353000     8.612000    15.274000     2.130467
    0.033700    15.411000     7.633000    15.171000     2.241648
    0.597300    15.176000     6.504000    14.196000     2.241648
   -0.567900    16.091000     5.695000    13.991000     2.037332
    0.271900    13.657000     8.499000    15.996000     1.679926
    0.082300    16.330000     8.156000    14.871000     1.679926
   -0.182500    15.631000     7.055000    16.574000     2.241648
    0.060300    15.811000     7.874000    17.284000     1.679926
    0.060300    16.501000     6.383000    16.561000     1.679926
    0.060300    14.739000     6.493000    16.883000     1.679926
   -0.382100    13.968000     6.428000    13.644000     2.130467
   -0.192700    13.545000     5.347000    12.780000     2.241648
    0.805000    13.314000     5.798000    11.331000     2.241648
   -0.814700    13.722000     6.914000    10.977000     2.037332
    0.268100    13.308000     7.167000    13.839000     1.679926
    0.135800    14.347000     4.595000    12.771000     1.679926
   -0.204100    12.289000     4.685000    13.379000     2.241648
    0.713000    12.552000     4.058000    14.708000     2.241648
   -0.593100    11.884000     4.464000    15.644000     2.037332
   -0.919100    13.527000     3.162000    14.799000     2.130467
    0.079700    11.501000     5.442000    13.488000     1.679926
    0.079700    11.923000     3.915000    12.684000     1.679926
    0.419600    13.764000     2.762000    15.695000     1.679926
    0.419600    14.032000     2.880000    13.972000     1.679926
   -0.814700    12.720000     4.982000    10.590000     2.037332
